Rouge-1: 0.28754032764104626
Rouge-2: 0.09298700804203394
Rouge-l: 0.23516483018234524